[app/ui]
version = 6.6.3
modtime = 1508123999.816504100

[app/launcher]
version = 6.6.3
modtime = 1508123999.821517500
